99
1
2
3000104
4873675
2755452
2478032
3289696
3555947
1732200
2382966
2197065
1133622
637365
3351518
4711887
3804566
3127284
2603159
4698305
4023651
4753716
4713118
2271879
1491846
2227939
4247010
105813
2903684
4833756
1725641
1734375
238128
2383919
3622914
662589
3074114
2818228
1852701
292488
2930345
1402488
2454203
893001
4694422
4534101
3555011
4462214
2173599
1689000
560306
2048830
1253824
4223253
4693884
383938
562923
4752717
2008353
1036215
3068312
4080079
2358704
1043485
2234063
1464251
1808793
642097
42584
3873652
4960044
2186026
1909555
4578293
3665022
302353
793920
2349462
1093356
1061874
1929768
3852892
4249158
3893667
2633260
2855400
2222516
130013
1703846
1637775
3406726
840394
948277
4477694
4701564
715980
4957670
3768038
3211112
2364132