151
3320359
2975543
1894689
518680
1319415
131572
129545
3212147
3114339
4278684
2132331
1502761
2990765
333175
3262333
4353574
2125290
2080118
3223781
579528
384536
1304605
2708100
2422437
2877213
2558685
4810364
4791132
4431895
793430
318217
2284863
4120374
4723865
1607225
4501690
2563690
1913964
1761946
492686
3185244
1724829
3073532
1946831
3967955
3896777
394506
4625429
187092
4960431
281712
3868029
4784481
3929958
1006568
1755695
2146417
2579466
264008
458501
2315845
1101579
2461287
132391
4204251
4161458
2430525
445876
3204043
972332
4238956
1077821
2941436
2407490
1560974
1401326
2469445
2351565
961302
1680657
2911356
2116260
2192643
2580100
1720784
1562857
3809647
4323383
3211635
4541736
1623827
671148
1377736
2982231
4844288
849256
2737702
2320215
638367
755006
2890857
4205528
1970958
4663083
4811169
3749156
1301387
2895226
2825835
4163442
2959375
3319302
2347707
267538
2235352
1397893
1520890
2751710
4414274
202179
4728613
937872
2200904
1314682
2827703
187980
4809383
887084
4104761
2058541
1357604
4860682
4137693
2244049
559872
932594
3212043
3969585
4170647
970716
1638612
3229144
3872415
4155222
3178231
3859511
3890311
3782665
4396812
771606
2354925