98
3132314
4683618
3756464
481712
1785110
1472726
337050
3509414
1546973
2966391
1214837
2358616
142684
2409789
4785794
4117805
1618440
2899811
2683186
3128346
562343
3361415
987606
4539539
3381018
141409
4451683
741956
1030926
1817184
144161
4479328
3645657
1865681
4981084
4326516
342383
2787644
798575
449353
4388048
1531138
4131374
4682076
4603754
564123
3170789
2269589
1261127
1957522
1514861
328408
1953607
4124359
4829940
1398664
1202920
735376
2959499
1237531
1219638
731359
2157220
2882367
3032768
2247034
1686941
4477522
4816011
1637669
4780182
2453880
4244481
3217683
3875628
2797303
2657288
1908366
2569155
3993383
3607747
2853156
3015791
325593
4274264
4824615
467323
3721888
4441455
3498461
1746620
1527978
1326545
4226672
3503396
2011905
3880093
900
