86
10
15
20
1
2
5000000
123213
234567
234
67578
4000000
2649499
3649498
4649500
1000001
23
236
7886
34565
456756
34525
3732423
3732424
12344
24145
565643
2434444
453545
3349234
4649279
4700000
123424
23423
45745
235234
232532
43434
78625
13532
2342342
4677737
3
2342342
23444
123125
453453
234234
2342
423424
234434
6356
364636
3434545
345345
3455
27577
563
24
456
7
4
8
7456
54
787764
354252
234234
34342
40000
4000000
3454555
3453
24234
345567
76754
45643
36777
4567
8856
476456
456578
45657
456
566778
68
788888