100
34
4057838
881
2847549
978
909401
740
946869
298
2396457
227
1014114
115
883443
613
2987128
28
956343
889
1017197
959
2420381
916
353092
341
1162834
578
3417797
710
1114902
924
1235392
514
2705428
960
1722929
884
2994936
285
1899750
423
152687
38
1697486
597
60608
675
2910014
142
610607
953
2790917
7
4681358
129
2941421
764
893784
770
436504
65
1961424
770
4571764
698
3900472
141
4243752
9
369682
903
2700835
7
163364
897
3367186
232
2251523
711
2483325
554
1765694
950
1546574
462
2033261
5
4932067
989
2105002
86
612348
391
1203273
773
4577270
879
1183637
506
2461764
