100
2383105
3680849
520536
1428665
3093599
1700361
1410636
878656
880809
24892
2751832
3601989
3559425
2156220
795723
3628960
84724
3145705
594472
2853460
161028
3555130
1822742
600379
4272314
401219
1414348
3005522
766386
2257001
1633331
1111
4287401
723335
1896175
4547065
1807312
325625
1320538
4049942
1137033
4057043
4851342
3888530
60
462271
2065427
90848
1934985
4016632
1333723
2968750
4020108
255
1192095
728261
3222592
2933634
439382
985411
803097
3198364
3754787
2820169
3944571
1067217
12
1215512
3103264
3407783
2993981
1370522
602913
1024
1192406
873748
3070907
487616
4253346
2755793
2645673
1785347
1089228
3469444
3884662
2313975
3793997
7551
3147316
1320548
4
3516629
758016
630
586348
302893
3619350
791685
3990753
119405
