99
1310049
2909370
3698922
332219
4232963
517219
642445
3905799
592531
4131110
3967512
2951810
2424399
3010319
2284052
658313
4140716
179658
3912891
4994754
542351
1723023
1737271
4992375
852049
2275846
4054059
1305090
2861112
2462403
4077044
2664262
3627389
2127993
2476957
1344614
1100266
1689581
4573109
594611
4806065
3379812
1886771
267176
1853889
1622893
4796732
4924787
3006759
1280100
2017598
1518833
3950029
124903
2319615
3338166
3729372
3963062
3194909
1289298
3569480
189612
451188
3778908
2231382
3934145
211924
2273068
2770504
475114
4562056
2063928
3954696
2654370
124091
1088960
946752
152643
3514153
1798644
712737
1015462
1246958
3471147
4989061
2583233
2114014
144435
2596212
29197
701027
255847
2147858
2605209
1662452
3319138
4036194
1672514
3930825
