100
3452535
933874
4097762
748025
651168
1575074
1071977
1232723
2862627
1361374
2813601
1030780
805378
2650708
2389396
3045706
1351577
1716773
4112495
601143
2613040
1915520
3788328
1357325
3865465
1066966
4422849
1648438
2995628
1077203
3577779
3081222
1677596
2913266
4255310
2070481
1724029
3726735
4517058
3305773
3387155
1958823
4368992
3533362
1748233
500182
4780076
153239
1868630
1244342
2609534
1985744
4009389
516339
3420929
4151682
3387806
3168565
3627582
2882635
3834331
2907299
258128
494778
586142
4050324
4091954
4408887
715917
2850602
440033
2129584
808515
4797357
958739
1672656
786737
606513
2140975
3054994
3016673
4526897
4271417
2987709
3486302
2526998
936851
1454360
785792
501491
2048865
4094923
2781909
2005595
2642026
1306283
89431
2422879
799706
2628680
