75
3240461
1821316
348913
898838
2863387
2571296
2510932
145413
2580266
3035613
2797227
2253012
2274581
2402236
3579829
624407
3662876
2821382
1998344
1531571
3559624
839676
559506
797481
2362652
102
203
381
774
367
998
9160
483
900
4200
682
798
18
56
8
10
810
923
718
890
3213024
2907070
191144
4222996
3803059
4578293
3665022
302353
793920
2349462
1093356
1061874
1929768
3852892
4249158
3893667
2633260
2855400
2222516
130013
1703846
1637775
3406726
840394
948277
4477694
4701564
715980
4957670
3768038
