100
10241
15
201231
2
12412
5323
323423
67634
543425
1243534
67342
48936
245889
34
76
434732
4999999
5000000
2463283
754534
564245
1
2463
37
64
41
378
564456
55449
7763
675
22
11
98
99
100
5620
908786
3622344
2757895
1231589
1926733
12362
7653
545
5555
67334
736542
3879764
3466262
5765959
4521236
24233
62451
211263
9875
67544
24211
12786
29754
12315
88654
45
77
16
94
123
109
789
6789
56443
89706
2346
346232
3236266
2675432
2356
3976
19456
16754
34677
346234
34538
98654
67584
4683
57346
388653
3468865
34576
347888
5645844
4574534
457458
4572256
457445
4574225
532
2346
6543