75
1896912
4285446
2281221
3164272
197906
1503187
1215448
2482942
2215610
2716775
4730160
455485
1581250
2869118
880611
3326761
3868536
4475703
4276751
2844269
1158632
3430848
4590805
3866323
1456045
187244
3748285
2845173
3457867
2618676
1371179
782107
3171060
2110913
121776
3659664
1997497
4942100
3980703
2964322
2950631
3203765
1341282
1441765
3273975
965352
4881530
1385837
3245748
4014709
1837208
4339890
836127
1319565
2849220
187725
3948533
1106001
4730256
4794248
4478553
547259
2144090
2770813
3373529
1974951
600516
4639108
3262856
1337250
1026602
387708
4754876
4246567
2836853
