100
4071560
2250045
3241679
695282
4786531
1042354
2324937
2556967
3963114
3806800
4637687
3900046
1528244
550935
2102595
80835
3189677
212774
3112301
212501
774860
2638965
2422190
713730
1335639
66998
3211004
2707828
4759825
2213785
2753865
1796280
1735615
993683
4379496
607694
306539
3459095
1678629
1756615
3779751
3660713
694970
2560568
1467798
1761393
257316
4134966
1053913
3516412
3974314
249958
3231291
2260368
3410727
2901640
1550476
4728882
2620149
639444
3003745
263368
3552417
4043058
776686
4878177
4366746
2722730
379430
477432
264639
2122668
2150399
3019055
1553791
2166612
586015
1820501
190546
2120605
4311893
4647181
913388
2347424
1241482
3135085
3301102
2113214
1535330
3892950
2343415
4808275
2270964
4427423
2865379
2419346
4305024
4820839
3390848
3458334
