100
100
83
86
77
15
93
35
86
92
49
21
62
27
90
59
63
26
40
26
72
736
211
368
567
429
782
530
862
123
67
3135
3929
9802
4022
3058
3069
8167
1393
8456
5011
78042
76229
77373
84421
44919
13784
98537
75198
94324
98315
664370
566413
803526
776091
268980
759956
241873
806862
999170
906996
1497281
1702305
420925
1477084
1336327
660336
1126505
1750846
621729
661313
2925857
1616124
353895
819582
100545
898814
233367
1515434
1990364
344043
313750
1171087
426808
1117276
1947178
695788
1393584
3705403
2502651
392754
4612399
3999932
4095060
1549676
3993368
3947739
4210012
636226
4698586
4348094