100
2117867
2566238
3146766
529478
3507787
1828137
3696309
3216296
4793297
1785608
2277977
1528870
3661100
2170336
4978436
523748
2004256
3561479
3277500
1486233
735658
3040690
4955352
1652956
701969
4856811
1708509
4229627
2899102
209340
4355942
1954990
2064622
1274151
1160667
2328306
2950276
3783067
1177084
920631
1959531
3320755
2198410
2110831
3046741
2818562
4204038
3169428
232133
4194957
4354268
2014708
937238
79173
255458
4749503
2689794
4312113
4152919
3508549
3800040
3204615
4473325
1779567
2923504
1786386
4736299
16040
1862846
1475300
253637
2358236
4879136
4690140
979975
2108871
4572365
2240523
2795874
939298
1468327
3433973
1358064
1081782
3381632
1819700
1031732
258978
1791399
1509643
2491683
3420878
4713530
2449128
472758
1639111
334331
3955514
3907578
1355333
