98
359883
9555
402016
924984
285629
776444
365942
513090
602834
700490
931793
771202
109161
810220
977427
46875
152426
842810
273728
226024
93462
465354
422783
678138
36738
1501212
1140733
1168559
1384431
1984972
1556396
1939759
1625989
1991946
1860230
1010689
1420326
1688092
1668623
1242713
1614467
1226868
1093108
1388567
1680604
1605374
1432565
1731680
1424457
1662388
2530964
2991666
2460146
2854555
2259709
2389873
2443910
2967622
2194041
2734439
2033543
2500555
2044973
2656358
2112585
2275407
2465438
2409944
2761721
2966447
2306830
2262326
2729328
2287908
2899807
3410799
3886277
3351538
3199818
3419889
3124646
3817780
3050004
3649467
3202305
3353732
3659105
3333681
3721599
3620301
3447859
3863957
3181622
3221581
3184389
3174587
3913097
3904957
3106147
3711874
4077860
4813945
4650443
4634658
4492055
4991941
4183490
4789742
4886986
4517427
4192677
4000840
4739437
4538270
4440843
4836903
4005530
4583307
4094175
4771692
4383406
4754633
4717612
