98
1
10
15
20
56
236
668
1324
1334
1566
1982
2323
2324
2433
2637
3431
7089
7548
8044
10248
10502
10890
11462
11845
12084
12557
13002
13087
13199
14988
15893
16534
17674
17819
18225
19055
19410
20120
20566
20765
21252
21357
21375
21585
22169
22194
22199
22308
22309
22478
22486
23236
23651
26187
26303
26483
26564
28766
28979
29065
29821
30147
30473
31264
31668
32025
32253
32810
33922
34031
35498
161587
862834
882657
1062677
1088359
1099772
1124495
1126016
1564064
2367915
2438376
2713606
2798521
2967824
3211037
3215888
3757143
3853084
4214033
4456432
4512211
4572019
4882591
4888021
4930578
4962700
5000000