80
10711  
21422
32133
42844
53555
64266
74977
85688
96399
107110
117821
128532
139243
149954
160665
171376
182087
192798
203509
214220
224931
235642
246353
257064
267775
278486
289197
299908
310619
321330
332041
342752
353463
364174
374885
385596
396307
407018
417729
428440
439151
449862
460573
471284
481995
492706
503417
514128
524839
535550
546261
556972
567683
578394
589105
599816
610527
621238
631949
642660
653371
664082
674793
685504
696215
706926
717637
728348
739059
749770
760481
771192
781903
792614
803325
814036
824747
835458
846169
856880
