75
1283425
414485
1771786
976816
1896582
2609229
255520
147338
197579
791907
4015316
3576735
3785137
4204103
1288759
4959222
1417146
3742913
3989367
3803238
544012
1502234
1833600
2076490
4564757
4687315
1221676
2585453
4432778
3758023
2647626
3621787
2576880
3611764
1381896
745913
1795012
4319859
1381876
857042
1778406
4569602
3634350
3684389
3296118
3197669
4116097
4125260
1042104
169821
801060
4906216
4232326
2508592
1075037
1410271
1604444
2340573
303901
190162
4962589
3231360
3448784
2776722
1413941
388620
4351257
1861618
3596320
3680527
4557910
3661183
4531960
1574035
2094084