100
4258537
3232573
3179318
4842921
4285714
4194341
393409
2192241
1742589
3049408
3748723
4289240
1296293
1729890
3449240
3686096
4851466
4799152
3587676
3856983
4485435
3078821
448510
2479335
871243
2652323
1314441
426784
3069758
2980381
2509028
3438933
1792611
816062
376193
4130705
536317
3044922
1782966
4470083
777227
695154
2086308
1231250
1847026
1702941
3143567
4164630
608170
2257520
1929308
2749947
3937222
1260891
1033100
571041
3404113
4360771
4120642
1192513
3296751
998630
2672598
2546982
1327402
989246
2631706
2031116
1324503
2774256
342095
3267472
975762
2115603
28392
1882172
1334200
2818283
255478
1644940
17820
3620036
3742104
1126887
2841369
2039010
1975862
4017028
2987584
2277733
4130693
1409358
526719
35357
3367582
2081733
3710789
750764
1093122
312990
3147279
3817116
211161
1620207
47007
4593142
3528671
920008
2172817
3833305
812973
329854
3106755
2232170
67674
1433337
1779834
826155
4007911
520802
2046707
1588202
2936214
1666592
963403
545695
4189653
1069835
56959
4758254
1329952
3422852
2779060
59860
1696200
493899
3501420
4162341
4155808
2880406
4222831
1560604
1626419
4355509
2955646
1225738
3853578
4795904
2548066
162817
43761
1658320
4771924
2580103
325762
1553531
25432
3202104
4438254
524245
3895871
4330548
4083130
3894273
1352261
3950635
3512880
1219402
625589
3651596
628054
1988473
4186512
3394667
4645909
1362672
15890
2439742
4592660
2661327
2152417
4105115
919009
1701880
927689
2380927
3989165
3689489
1482911
2035769
406943
4917272
558620
509759
218697
3935356
2233300
2876306
2096562
2387910
