75
1921802
489874
4196721
2964726
3623855
2309108
424581
3498428
1856334
4503148
3214523
1650861
4715434
1245274
1300037
3865105
2769660
3150016
3352755
2322182
2213158
3139709
4890854
3922340
957726
3753979
3236005
2402643
1732214
867084
4396162
679955
2704625
2135017
679543
2165882
2064274
1090678
1350664
3956711
4288044
3238461
2084926
3753104
4510919
4772505
2802629
2592872
1848752
4822628
4355604
3858575
4114008
4554764
3421469
4721869
3675205
1207398
4037527
3822444
4833726
4042227
4445404
479772
4327482
1019040
4566940
1308948
1936042
2972579
3052264
1895635
806430
4534222
2306636
