75
10
15
1
2
4715176
518384
2825461
2387510
1877878
2384154
818956
369144
1219175
815086
973750
690550
1860801
3336724
4464954
332098
423562
2639930
3854864
4221187
4932790
2561216
3212928
3339591
27602
4810588
2903178
3141739
1469243
3040288
448299
1893046
1212230
2379280
2316002
1591675
4008723
436139
3115029
2681369
2043527
1756372
4283406
2170693
3334686
4023518
2016042
944606
1166049
1945551
4233084
1609403
186949
4449138
879494
2492632
4351973
2649152
2146295
2417989
574219
3546077
1413336
654814
2692877
888560
1452307
614335
4408925
2021096
3629709
