75
3240461
1821316
348913
898838
2863387
2571296
2510932
145413
2580266
3035613
2797227
2253012
2274581
2402236
3579829
624407
3662876
2821382
1998344
1531571
3559624
839676
559506
797481
2362652
827542
1694661
2914062
3641264
1669981
1440759
242260
56747
2793259
3633224
2118322
3384144
662811
3489696
2749623
1408880
824990
3296972
2237365
3031034
3352727
690245
40072
3051013
611296
1916092
2398032
2
2231365
3439571
641826
2676974
1929591
749900
906929
3495598
3469082
2366191
28
316714
1537839
1515812
1326806
3214806
926278
3557159
1051982
784927
1336185
885709
