94
10
15
20
2223
2222
2463
871
870
704
703
1
10971
10972
10970
2804813
2797105
1085630
2436159
1096422
4894863
777891
891148
3193408
3644827
2151886
3139258
515437
2795977
3502094
2469986
3016106
280702
2560041
1984868
4725014
4422783
1930510
2212362
2241455
3608729
2538566
396075
4292569
2042881
60173
4002739
252783
4074467
337898
1871414
4109304
238836
3179444
4273462
4370042
139256
3234968
1448637
2174998
1797007
3856056
4879546
4686308
2989154
3292315
4880493
4089376
162479
3068082
1149238
4336549
4084334
502036
1174599
4629259
81807
1001736
4262484
1486740
1931410
1832371
3717167
2218756
2596679
599072
1611294
2100325
2134727
3068497
2374198
3111263
23749
377295
2260082
