100
793179
624673
4412809
95189
4585456
258636
970965
3486170
4684101
3178535
2833852
2068619
2807667
3573318
1582948
3805728
4737033
4115421
4718291
4427425
263392
2799200
3129821
4515210
1438414
3195690
1890424
2211122
854891
1708557
1556221
1076544
2002341
1127211
2584163
1108270
2047871
1288410
4329918
3217628
4787143
683629
615810
279512
4598514
2211077
601239
4894495
1181156
77498
12
433
638
191
49
653
928
895
797
47
185
651
31
566
901
331
227
222
877
943
837
178
183
370
943
456
52
167
117
468
252
981
581
285
266
489
388
859
301
418
966
493
80
896
529
875
515
888
432
826
