76
10
15
18
20
49
64
127
256
555
9999
12345
27537
56789
65536
83264
100000
123456
128256
163840
232323
250000
444444
500000
654321
732720
999999
1048576
1234567
1326842
1400000
1468523
1532468
1596334
1623598
1696867
1745173
1784535
1848586
1904612
1946875
2000000
2097152
2156985
2222222
2326548
2386422
2426875
2500000
2565120
2685652
2761787
2849864
2913523
2968769
3000000
3123123
3462582
3434340
3500000
3756986
3865438
3946864
4000000
4194304
4223578
4343434
4444444
4500000
4543595
4674164
4798423
4826354
5000000
5000003
5121024
12000000
