59
5649509
5649499
5649489
3732433
3732423
3732413
3542897
3542887
3542877
3064043
3064033
3064023
2298035
2298025
2298015
1723529
1723519
1723509
1564073
1564063
1564053
1501363
1501353
1501343
1126025
1126015
1126005
1117075
1117065
1117055
837809
837799
837789
626341
626331
626321
511945
511935
511925
410021
410011
410001
230641
230631
230621
216377
216367
216357
156169
156159
156149
142597
142587
142577
106249
106239
106229
77041
77031
77021
52537
52527
52517
35665
35655
35645
35507
35497
35487
34249
34239
34229
26633
26623
