86
3909521
1911826
467105
1655948
1153351
3764662
2242532
1243311
732918
3860977
804082
689382
4301326
1625595
3568638
80576
2833578
1507383
4509332
774991
2943881
4690420
2127376
3186844
1424071
2357511
1015568
4504041
2638178
3866328
1120859
2408868
4468135
534188
215626
3551529
4142823
4659224
2153639
737401
4464665
4646456
881610
4123027
2479691
2613789
2133529
870503
1019940
2943640
895453
1000100
2373421
4465437
4925856
2862389
4686542
3173261
1398826
1754517
1923368
1581489
3643351
1018037
3449633
1837599
86574
3984410
659591
234712
2514915
2007712
1860726
1292259
3027884
161762
1813391
2535398
583418
3711068
1566067
3323926
2647116
3961024
3818088
4082360
