99
74039
3563267
1657168
1130029
2884258
2502699
1166197
2814683
2460475
2013271
158360
310882
2107239
2476591
459719
2375157
262775
414810
2349804
4945731
212931
934372
2408715
3803334
3090877
2167091
2680250
3595020
2260462
3833071
4678710
2604073
4230527
582932
3382116
3948434
1622683
95299
4385511
2206233
233153
3970010
4516269
894049
2694386
1998361
2088847
3903970
534816
1338749
1854013
3994572
3078075
1787259
2890701
3071004
4805882
1726081
703017
2460687
1060113
4522604
1016727
1996109
2052911
2722886
2682775
4099173
106106
1361259
3072076
3088927
1749108
4939275
1017923
4346515
1132658
902694
1491517
1144078
4776208
559882
2502475
1667170
3143414
984334
1903221
4466875
3849254
1936993
1339666
140121
3797332
341856
3574559
4336330
4931482
1008328
2128653