81
911041
4492881
3635038
3398718
4436857
3754534
4126614
612582
1771616
4846552
1817585
3778608
3305503
2223283
4984540
2274439
2173465
1469323
3006942
3703265
1066657
357887
3237682
7741
696589
4235107
4053663
1397490
629093
2371409
2647514
3365517
941534
1773218
2197723
3581262
1204464
3761510
2416468
4634308
1589889
4354203
545810
3703315
2515623
1192218
2681786
2641159
1912240
3267389
1923922
1016146
4669145
2892171
712776
2183473
2046276
4547848
3694229
3241101
1374113
1500110
4024494
3808995
1733071
2758874
422064
149849
2215443
1706766
1761207
2417959
1753688
3511256
1176741
3075872
3673136
3336198
1920473
2627189
3059692
