97
1
2
3
4
8
16
32
64
128
256
512
1024
2048
4096
8192
16384
32768
65536
131072
262144
524288
1048576
2097152
4194304
8388608
10
15
20
6
7
9
18
19
25
27
54
55
73
97
129
171
231
235
313
327
649
654
655
667
703
871
1161
2223
2322
2323
2463
2919
3711
6171
10971
13255
17647
17673
23529
26623
34239
35497
35655
52527
77031
106239
142587
156159
216367
230631
410011
511935
626331
837799
1117065
1126015
1501353
1564063
1723519
2298025
3064033
3542887
3732423
3732422
3732424
150
1500
150000
1500000
5000000
5000001
10000000

