98
3977922
1197164
3980388
715079
1890547
4389080
4871485
76989
1331192
1
1369199
4718796
4067005
1742753
4337499
2250455
1637924
84994
3345089
3064502
2327504
965361
704285
1149929
4823454
1173729
1631139
5000000
3237832
4781464
3158185
2305149
3337507
4526959
1252464
1584215
4547442
2727050
4444037
4470358
1532458
3890393
3154000
1982741
2937622
22320
1825999
240632
3173008
4205439
911611
3663733
965527
3416210
2737412
2922171
768678
2694966
4290422
312693
20479
4725308
998585
1941722
1670515
1598544
3654291
1081265
2358940
4039824
731430
330269
2123435
2654812
480320
1761883
1534566
819275
1349826
4066171
1715592
4678633
482318
3808182
1789753
2350530
3254650
4312884
1916190
1830701
2097109
361321
3225066
290879
112352
4836438
3643146
1427234