100
2323388
1737371
2384210
1721078
2393734
3229340
4505018
1946968
1829685
1417331
1295497
1137851
3185178
4775070
3860096
632203
1883723
2857766
4252978
295384
717656
206711
895484
4925472
4700287
4325678
837736
1876284
1347517
1578277
2449689
4813606
4073905
829038
2582513
1892282
1531360
4490384
2176070
284189
2851904
3954473
176517
57577
1678424
671199
3009903
4403604
2009097
1168168
3966535
792682
1426417
1939052
2677463
2817707
49507
4171470
607117
744653
3146311
237136
2929560
2643459
3260611
1672548
4437911
964719
2641152
2189200
1495112
4307455
1155388
731334
4636226
365571
3459079
168776
4765096
4275758
434066
4685772
3622497
2278789
4482924
4509140
878778
1814565
3401675
2908574
409363
1904910
3833214
1043239
4857014
442981
808382
3918508
2395800
1756254
